0,1,2,3,4,5,6,7,class
0.5435582116152778,0.19367425482962705,0.08296641827838752,0.07192738477713986,0.04139058450960731,0.025712713622567055,0.02476411117052856,0.01600632119686466,0
0.8459751063821739,0.0771443471048769,0.02684432466454921,0.021734025171806396,0.011443840741952146,0.007993410094103273,0.006076665255923613,0.002788280584614628,0
0.5507810554730865,0.1623026577205191,0.11309923157529533,0.061482655258027985,0.049236713470140095,0.02629907277166593,0.02288571430289439,0.013912899428370554,0
0.7701185103044467,0.10339651294472908,0.04143011583110877,0.038258825628551256,0.01891528731820949,0.012265391196603258,0.010823622004520583,0.004791734771830789,0
0.5679075941919988,0.18063498254880556,0.08079781436261552,0.08074159855390217,0.03786878401014627,0.027068211210167118,0.015606772764119883,0.009374242358244644,0
0.6330410741358184,0.17159594484176013,0.05807401280576256,0.05847842918460359,0.03317033214506256,0.016199323751882922,0.018006714714436767,0.01143416842067287,0
0.5112192065337936,0.1424505616807383,0.11877332939522522,0.10115054657348993,0.06380724529870631,0.03648280619923029,0.01812532143006681,0.007990982888749401,0
0.5971275138335669,0.19304576090999198,0.06674715120203188,0.031051150100273088,0.04408593790170032,0.03644506497941507,0.019008945816717228,0.012488475256303463,0
0.4857364315963056,0.23026438146974496,0.11278522554165907,0.06704997285601114,0.037790807790426664,0.02631494417516268,0.025020730862240964,0.01503750570844904,0
0.8531441004153838,0.0679972605378516,0.029329170951191735,0.02288901204817808,0.009769143156241753,0.0075079158844641595,0.005825801924572082,0.0035375950821170724,0
0.9114494438026658,0.05281251715403956,0.01632793349938883,0.009962075403790172,0.0034893605794441103,0.002303495728951935,0.0024098176248882205,0.0012453562068311884,0
0.5140450460059331,0.19089755252854915,0.09209808817970837,0.06060206794888214,0.06962863990778924,0.040246934384574926,0.01675126385065892,0.01573040719390381,0
0.892583980957249,0.050045168241095644,0.016592404200779547,0.023120595552860904,0.007820014922980114,0.0037676889242670513,0.003229311747920682,0.0028408354528470826,0
0.6870804781049976,0.10455986418327502,0.06433203436509885,0.05963902338609862,0.030833487865861434,0.02155809577565088,0.021200037871074374,0.01079697844794315,0
0.6418211997582574,0.11945381148039697,0.0780419639458411,0.06759120870258357,0.02926478614473421,0.027512849383012742,0.022477362334263312,0.013836818250910902,0
0.278030381541439,0.1393006889113374,0.18036308717907054,0.16584821845172204,0.08324925092187122,0.07359343206268924,0.04718025952243521,0.032434681409435465,0
0.3490951878158291,0.1743105286539803,0.19745919572111353,0.07731887358658954,0.09425613029299633,0.04165256915966598,0.03467629087267926,0.031231223897146,0
0.4004595593263481,0.47754569678400643,0.05629216446140683,0.032302156452515836,0.011424665799959596,0.007038731746432538,0.009951751376845645,0.00498527405248514,0
0.5964036890971458,0.17420191646311733,0.08503218998559511,0.05939662066685363,0.03034977555712957,0.025080867056205186,0.01638927977249475,0.013145661401458524,0
0.7042332057100221,0.1080396887928729,0.06338491175346751,0.06016071416498747,0.024188990846395354,0.017423263331598715,0.015584420165767686,0.006984805234888144,0
0.7200849697062366,0.08555213932264129,0.07054753451438264,0.061227136938895185,0.0270116082968563,0.0150608449701587,0.0131417129581334,0.007374053292695835,0
0.37571185847770205,0.12586427636416564,0.14697015153028406,0.15530757940662143,0.054301454184438734,0.053156654825465874,0.055571567777586185,0.03311645743373607,0
0.58350406903776,0.16434239976966114,0.09041275781850755,0.08673918106573586,0.030429220199188207,0.017626797524304624,0.017524738450153298,0.009420836134689421,0
0.4018514631151454,0.13469463003834595,0.11605428241299315,0.17038249172717018,0.08458267136751785,0.035113363289785565,0.022859422796899016,0.03446167525214274,0
0.4244479943234563,0.3230716137272408,0.07203907422679967,0.05361444001236113,0.04014817941488612,0.035038446016901564,0.016176198471793888,0.03546405380656046,0
0.5109908510544603,0.17000793644043724,0.07141843821454177,0.055328070559221225,0.05204901749001672,0.05356070064716105,0.0504065085531366,0.03623847704102519,0
0.5675565832253576,0.11642345472189423,0.08437394290051396,0.12549856017238317,0.037769865002074715,0.023651101468116165,0.02808904297446481,0.016637449535195213,0
0.6731821542204023,0.1258865132911518,0.07652224890571103,0.06270599882356613,0.016948783929802515,0.025449079204332627,0.01177317343870838,0.007532048186325224,0
0.5075412543405681,0.18573141349269598,0.09656038801838747,0.07055914541793865,0.04787242880461993,0.04082703240752884,0.03191691316797878,0.01899142435028221,0
0.692936777353644,0.1023409273911762,0.06390579185688115,0.07058832568993016,0.025150325556488363,0.016116807166318414,0.020099840265149268,0.008861204720412696,0
0.4336694196116634,0.1977246728398776,0.08645636843830257,0.11695094282383786,0.06581618037586431,0.046291167133060654,0.033163121294234224,0.019928127483159495,0
0.8128155823947345,0.07392057609174643,0.042535916722653305,0.030761111399920164,0.015484225119713372,0.009993776674847726,0.010006310915257704,0.004482500681126734,0
0.49316542009827524,0.22263915356512246,0.13314937370110305,0.06826129435358097,0.03263302025305976,0.01670713127214638,0.01633391979644614,0.017110686960265836,0
0.2678914075818375,0.1280310945648756,0.15698830653173146,0.1534747926032015,0.1259831030494126,0.06516326029078719,0.06260413327804142,0.03986390210011276,0
0.41002642609418744,0.2024581713974982,0.0925342871294692,0.05739451489308161,0.14261035425916713,0.040391926699798936,0.04130831430466501,0.013276005222132476,0
0.5858438039697194,0.14849642558951423,0.08721850514670691,0.07993951681040874,0.03963458259176413,0.021821557026479928,0.020404341427328398,0.016641267438078384,0
0.43040914365733873,0.2354911144452466,0.15553971615445453,0.10411038901742342,0.041422310424168704,0.01449426368448586,0.009762273862754503,0.008770788754127649,0
0.6928294664611017,0.12945627972834703,0.0663688491197256,0.06174553138149438,0.017495393528966032,0.013790524146637699,0.012745568328203965,0.005568387305523613,0
0.33738498560932434,0.27629988476441597,0.12545703969977962,0.1441916851296977,0.027062161385156734,0.025676019327729793,0.04973645022527736,0.014191773858618428,0
0.3701145325954361,0.20274266786849168,0.17440056240395402,0.08332927625928405,0.058488354068304625,0.05705454983115109,0.02495002980541391,0.028920027167964487,0
0.7209275841311366,0.13053079749403682,0.04675089336773889,0.050766575080806696,0.01911121857711701,0.012456708391174177,0.012933285576676995,0.006522937381312846,0
0.3175508540084389,0.11794603563914925,0.10085300348600545,0.09964539766760834,0.2224027450229152,0.07305496542661181,0.05336529177695705,0.015181706972314012,0
0.5373291724762989,0.150257469340797,0.08910525755244436,0.09979497485076677,0.047917061789237436,0.03714094693301936,0.02650350190946848,0.011951615147967897,0
0.4839618658942618,0.18197603566581352,0.13484710499178792,0.11020520345111603,0.051313135506579406,0.021283756672826525,0.011005895879852883,0.00540700193776181,0
0.4593577997179613,0.13172624324439874,0.08542135760326915,0.07735738327775957,0.0694933546351962,0.08608872338264749,0.055526661480901865,0.03502847665786576,0
0.5426159881957285,0.12564598588809214,0.1064217350925833,0.11434256556911854,0.04729337621872487,0.02884783636028898,0.025678716492289783,0.009153796183173786,0
0.6029122667740837,0.10783002405951757,0.08862173875792659,0.09177946052638121,0.03642317107496044,0.02719121352217097,0.03214472624488064,0.01309739904007885,0
0.6166695554312595,0.19422503065930619,0.057699936797437686,0.05928457628022789,0.027118339869191564,0.017292219951542634,0.014190221438616648,0.01352011957241787,0
0.2883199454884376,0.13192306076544583,0.08554098916467133,0.08623414558663665,0.12330580662597222,0.21124841077992473,0.04427255285094861,0.029155088737963235,0
0.5892292623609675,0.24395432510452816,0.04770179032649034,0.0582866852365891,0.02417205493299855,0.015233215461281145,0.014154859426492096,0.0072678071506531855,0
0.5134213533004611,0.23825037279739092,0.08267802639591293,0.06435655843321572,0.03318594676128964,0.022037739286011663,0.03193017508399015,0.01413982794172815,0
0.6433342594998623,0.10009498850615105,0.07320482706518984,0.07901637087916182,0.04266798515366563,0.022723165222463263,0.02708305263859808,0.011875351034907835,0
0.574210447261267,0.11171098273258345,0.07956746773971955,0.11880972848801784,0.05161352667237827,0.02531208886377114,0.024408057351385463,0.014367700890877091,0
0.4877835463954478,0.19805501639355336,0.11624866410785735,0.08293362903693258,0.041281701409228676,0.03161060051807568,0.02528754950053897,0.01679929263836547,0
0.4533156485338015,0.1725179058302385,0.10633375463337814,0.09083996188356541,0.058893582416553285,0.04785328732367495,0.03621184948440696,0.03403400989438144,0
0.6912274875287622,0.10522251654648869,0.06491010720272082,0.05330798125094443,0.028669936955268743,0.02298252410770874,0.020887116074529335,0.012792330333577094,0
0.6849006330705287,0.10647709754738305,0.06597539556176978,0.0669209862719307,0.03001886468925875,0.01766302572093062,0.01829574579336428,0.009748251344834025,0
0.43433129647744206,0.10895401090195407,0.13896894031882595,0.12980619792896217,0.043964382557031736,0.04117947073289721,0.06209745094258153,0.04069825014030523,0
0.4024209277229539,0.33264917641726727,0.1100147985175245,0.08766765721586856,0.03546225219704706,0.013870279479666273,0.01073780038588963,0.007177108063782909,0
0.4090270451984649,0.24140766267669928,0.14404620151787492,0.10406630865159724,0.052663833970987124,0.023226298630447506,0.018024830422910147,0.007537818931019001,0
0.4909840503730198,0.25730050603548665,0.10350868650605616,0.06738521020059317,0.028820484255850008,0.01854478200826038,0.022837877064930002,0.010618403555803901,0
0.6476523052873201,0.1088897196616276,0.0641510097958027,0.0803671649262885,0.03492163551545147,0.022309123924029103,0.026110685826023432,0.015598355063456892,0
0.5503349681220514,0.13367767825908444,0.08620504884555291,0.09304566301605982,0.04077593549412269,0.03799130303713685,0.041597423046809315,0.01637198017918268,0
0.6033866815249707,0.20103497831705042,0.0641661558426921,0.06698075997585441,0.024491608676459994,0.01743307363814515,0.015816802649635264,0.006689939375192121,0
0.5523555986895375,0.23750664093481666,0.06316986033010225,0.04517237378574035,0.039099769731224296,0.024644147971077526,0.018467337451264252,0.019584271106237134,0
0.5403776875720326,0.13198430951738882,0.08229350939270975,0.1055518666358193,0.06340807344232635,0.03592983991862794,0.0258729789566913,0.014581734564403885,0
0.5858589919392823,0.11990671261045457,0.07538471046974866,0.10190353323723451,0.041933670365369095,0.030696842053852532,0.029811555620210158,0.014503983703848347,0
0.48519126648722993,0.23587646955503933,0.07776839607255213,0.0962786829206565,0.03917451597775271,0.04076065209313165,0.01742599890089595,0.0075240179927418965,0
0.8272462208354162,0.09023263297152895,0.030544456459506587,0.031311173953544956,0.013103019557752551,0.003226853221118001,0.00297197368169075,0.0013636693194419903,0
0.8370677782974039,0.07412500527646727,0.032627651250588426,0.02918455460189191,0.011340778845455984,0.007279060551051335,0.006093225868381764,0.0022819453087594647,0
0.545228943195411,0.1661518153208234,0.12250490278955348,0.06084235690621496,0.044771953515831464,0.025831660608560035,0.02357904381989677,0.011089323843709054,0
0.5511018119703499,0.09412297133334167,0.10315912761175292,0.11285224980030396,0.051193961584081384,0.03535255302789008,0.029744735800531035,0.0224725888717489,0
0.6395663296326561,0.1489054182176342,0.06604215151389656,0.06355194920821555,0.03097225233142905,0.02023116074559812,0.022167504792782216,0.00856323355778833,0
0.5525562400637111,0.1580563619993558,0.08938242440357734,0.07289189221205371,0.049314842825723765,0.03350466630565128,0.029112062761917818,0.015181509428009174,0
0.5780074091612952,0.17406710838531764,0.0844513727551269,0.05928447033443222,0.034284091744479495,0.028147895794553533,0.026070773644359006,0.0156868781804361,0
0.5617594537582553,0.11093751633232903,0.09156507651245809,0.11581442866978112,0.0543847664342808,0.02879336774428908,0.02458520268356614,0.01216018786504033,0
0.5913411352213643,0.09406531280271166,0.10217293216212672,0.09903270885597042,0.04526947916047168,0.02825732677790366,0.02885147618819115,0.011009628831260417,0
0.5384672810511486,0.17314830343247561,0.10090051882387999,0.07803275986335655,0.04669320759840437,0.02494363009941138,0.02414231154892473,0.013671987582398982,0
0.5298349937161855,0.1321717083530458,0.0920486526959062,0.10830142846703435,0.051573684664041684,0.03151058241173071,0.034728807634505254,0.019830142057550404,0
0.6310105649903629,0.13220256796818838,0.06880816864476282,0.07765903593031205,0.03706982857746091,0.018817260657539466,0.02243413112079541,0.011998442110578196,0
0.6170855860753932,0.11958997831892033,0.0816544158577495,0.06930434835294763,0.04112997753822066,0.030667529938436293,0.026334935552678327,0.01423322836565407,0
0.5053124771535887,0.15842521109557822,0.08642188239998287,0.14714876823749395,0.04987778666283422,0.02306276224059696,0.018859130269835076,0.010891981940089956,0
0.4348433351881412,0.16254930257821296,0.17798211241098189,0.0977097449471748,0.06382891743852052,0.03727053189045246,0.010907126075480496,0.014908929471035651,0
0.6853701239194793,0.10985843912813191,0.07519885615886487,0.06677146266288553,0.020222113698920144,0.017454610099052466,0.015437368182942598,0.009687026149723386,0
0.48568627953706756,0.13391723073767986,0.0753013857582285,0.13660921135872495,0.08047896606139675,0.04741816050470201,0.014985541683377745,0.025603224358822767,0
0.3262005174038207,0.14806345832137147,0.15581703750771925,0.1234191723497587,0.12636836606864416,0.06893350613898643,0.02439777690237761,0.026800165307321676,0
0.601332753687033,0.12936053064780165,0.08774470503399216,0.0971170667804076,0.0401765613128992,0.019646927275106266,0.01623652911867709,0.008384926144082878,0
0.44161155685285736,0.1569934258989576,0.04765010876222061,0.0766947505583816,0.1040798953948669,0.0995872710395047,0.05585591598301087,0.017527075510200437,0
0.6220094554159014,0.13864339765447123,0.0861231257806276,0.07689877579676954,0.02407330023976133,0.020485541927685383,0.02252571343730257,0.009240689747480995,0
0.5593549643334397,0.13198592126404848,0.09635339498739606,0.09130729429799,0.04036721136910621,0.030575520920393978,0.03173469158918197,0.01832100123844372,0
0.4681401068608247,0.13536112127371988,0.15764217929767446,0.06927350840790093,0.041932845753781624,0.047204367931375744,0.0382371854788066,0.04220868499591616,0
0.7467213025045224,0.09322012557600881,0.05446120474402732,0.04825701869920451,0.019595065799878977,0.012061722744855832,0.017384120704270145,0.00829943922723186,0
0.713139078234269,0.11603262878338143,0.06482177918929548,0.04150340591863023,0.021831350857672027,0.015683300602793476,0.01665166766447289,0.010336788749485366,0
0.28704208061672715,0.2530819121334073,0.15558035973002962,0.10661744532461057,0.06749461681875304,0.05710761604659217,0.041208147013224394,0.03186782231665589,0
0.4091108319968977,0.21750856616517517,0.1456516893646213,0.07826594712429821,0.04436396716212702,0.049827985020089685,0.03970533121121734,0.015565681955573398,0
0.3150821552896006,0.20809062709013154,0.12860873366701295,0.14685046109565808,0.07480484970151094,0.07467193832355357,0.028026846507710517,0.0238643883248218,0
0.18807002038043832,0.3277371313987332,0.22522650760746857,0.10651240873202575,0.07900977234582338,0.03492469360844023,0.022001369600908753,0.01651809632616193,0
0.4415848313754172,0.25454667762923033,0.1692665394395444,0.030292890279414723,0.046306161394755886,0.02607679660050543,0.017413448290393763,0.014512654990738307,0
0.2522910283758319,0.21405243363074986,0.21901247468864862,0.14361944652948028,0.05785771443325107,0.0516693010650543,0.03514618058223466,0.026351420694749564,0
0.8604837738382911,0.06600509775025264,0.03165570241712964,0.01778771845980516,0.007458728261061488,0.005709975190053838,0.007711736251777415,0.0031872678316286966,0
0.3346369360365595,0.19561090307037288,0.17891193987704462,0.07341545740924868,0.0597910652084165,0.06060645931955982,0.05717406799728024,0.039853171081517855,0
0.5330369184549296,0.25256970466365986,0.029724552330593044,0.0870481525732683,0.03017545162014922,0.02559898219921821,0.01525019512082,0.026596043037361777,0
0.6533191536406577,0.09765126451953661,0.06739440342913704,0.07639312909815175,0.037903658648885716,0.02519524984398534,0.0297282520913402,0.01241488872830557,0
0.6145893491602168,0.16681545396804406,0.08757307260971343,0.05098567679703668,0.02903685649191517,0.01955860238443779,0.020537588025433758,0.010903400563202461,0
0.45359162820640514,0.27383838735501564,0.08680282216072119,0.06482073998365347,0.048290552923407476,0.022280462415139625,0.031337893472723595,0.019037513482933904,0
0.3224477672481695,0.29493999447156116,0.17336295751382194,0.09154585123744846,0.026831810564950036,0.031629215172546014,0.038102357970706865,0.021140045820796247,0
0.5374167137808269,0.14788243901337272,0.1541300459257872,0.06277372346784989,0.06465487439124631,0.012952602744516184,0.006556721590676154,0.013632879085724548,0
0.7015356015997076,0.13457064416226516,0.05633045927201646,0.0551951455901171,0.01834627742446478,0.012671329698581577,0.014917417072271684,0.006433125180575715,0
0.2694148543761474,0.2117729362744527,0.18631708445706058,0.12419249407717267,0.08607809503946673,0.04995320079068164,0.04567663477783515,0.026594700207183134,0
0.39350636067687195,0.2484961887048168,0.1137026109755052,0.08121677879176872,0.04141170268469253,0.05746734332777434,0.04772878566361812,0.016470229174952222,0
0.2539535030065709,0.15581773957775777,0.16486783605350253,0.18378848173878995,0.11016321762848189,0.05998068213313418,0.038487720331054444,0.03294081953070836,0
0.7788261819084973,0.1396054176838576,0.027245515733433655,0.025936850135085565,0.012711205445567624,0.005917826820742879,0.006678815076770628,0.003078187196044887,0
0.6297163229974273,0.163681879533371,0.07392307680334018,0.055826775801296726,0.027608268524017876,0.010603973385403115,0.014785107656771415,0.023854595298372423,0
0.3209340446717485,0.23862204065606382,0.09943468341323818,0.1637322979383314,0.03945664795372005,0.011717785128000193,0.041078569207399204,0.08502393103149863,0
0.5885890935919734,0.1349638502970964,0.07310285950006438,0.09672318722662622,0.03550645036157327,0.027650088647488576,0.027813189736556287,0.01565128063862136,0
0.33059138207188654,0.31579650813374105,0.16883195401502654,0.08529583632202761,0.05011433189329722,0.017537918226617263,0.01920066424793665,0.012631405089467099,0
0.21812670036642884,0.17815819825725368,0.22364905727414713,0.17162178324172736,0.10615103740312291,0.030409015938564803,0.04373297344590394,0.02815123407285126,0
0.4474694088595287,0.18955834932766105,0.1075120028238013,0.1752559729328687,0.04790465400178492,0.0174867537782127,0.009605154317741303,0.005207703958401201,0
0.616205019933424,0.14200042165398374,0.07734032636820072,0.08915675271646789,0.03856226123376014,0.014578675213261436,0.012691589478638392,0.009464953402263852,0
0.26563851980797465,0.12572250163236978,0.21203622282995566,0.11015936000476766,0.12394340631257847,0.06442258319462921,0.057145377854134996,0.04093202836358976,0
0.596725530753301,0.1297685427522388,0.08871150708118371,0.10665334660894729,0.033022476219661825,0.018846653431306374,0.018198746791156576,0.008073196362204493,0
0.13567870368227872,0.44445179757080405,0.2202964668383818,0.1186627975747319,0.04447406509665362,0.020948355760476406,0.009984642138904777,0.005503171337768671,0
0.40662587205682843,0.2885548563037111,0.12538509549631863,0.06271493620655516,0.051977279153144505,0.030669117133008527,0.01888722595572542,0.015185617694708197,0
0.5047860466401582,0.2294670949779798,0.12198854056029293,0.0331421680704994,0.04097453916779321,0.024931072326520705,0.02793052221890321,0.016780016037852622,0
0.41013686596169924,0.2591460060933628,0.14685175694791724,0.07185684642589626,0.03360909550043067,0.03769559843059162,0.019749118060906738,0.020954712579195692,0
0.3660374368652012,0.1821920973347871,0.203669171131163,0.06436857065492517,0.06755446944821882,0.04570187301778896,0.037380620801576434,0.03309576074633929,0
0.36298903415622424,0.16053203513618197,0.21615799699931354,0.07470171946792027,0.08322904834940024,0.04223389155261658,0.03776777248254939,0.022388501855793642,0
0.6806498101428321,0.08332484532157622,0.1168651224489103,0.03422173866714456,0.03290654002455497,0.02393416762793782,0.011133439662676776,0.016964336104367397,0
0.6558671107795238,0.1302242850797471,0.07394979354915701,0.06285469664303887,0.031323897319870335,0.020649342980515684,0.015780834287498827,0.00935003936064854,0
0.3214705398842212,0.24942304901236637,0.15795854427296765,0.11060421157745831,0.08386478683267769,0.04670780371632854,0.01742863859634022,0.01254242610763989,0
0.2750097227869879,0.3410192442450035,0.236731741994676,0.09471513546615479,0.027762918101124644,0.011132018638098096,0.008658898930622608,0.004970319837332385,0
0.32274136625348654,0.21994389020461122,0.25371970656194454,0.1110620536357097,0.03028387908256489,0.027699728187719083,0.02555615266854923,0.008993223405414823,0
0.494086001030657,0.213291745263557,0.12931252897717446,0.06608428985429318,0.03809542459074098,0.02527146967203746,0.02030470818007242,0.013553832431467632,0
0.5933804382920238,0.13153819172868556,0.07973732848367177,0.09615662418838486,0.04237588053360326,0.0241847707697523,0.01816975954338559,0.014457006460492758,0
0.6620585996488911,0.09498816153651138,0.11571528351811391,0.04180739581506572,0.045003152078201616,0.01223774724712004,0.020919736695481063,0.00726992346061512,0
0.3920555949814378,0.32063504122763736,0.11803091020110565,0.06600211084416421,0.019759575994787146,0.013585915752641594,0.04096506447128824,0.028965786526937952,0
0.3002998727540038,0.23765969297208056,0.19525946533123273,0.08099238775404913,0.05869218218584872,0.07631295684330468,0.02705825685972144,0.02372518529975898,0
0.5729986531143694,0.22763910498021156,0.04003527282219022,0.09769465979070012,0.012391773537813447,0.02217926628496149,0.01971190798928304,0.007349361480470635,0
0.34217286560432597,0.2026151942176931,0.23367652410263234,0.0761296192994828,0.057021422874905275,0.03631840438391743,0.04507621267220776,0.006989756844835325,0
0.5538179716916315,0.2708619330270535,0.07038293943430199,0.029573745261189284,0.03604637751258646,0.021239960210432417,0.0061941893632316385,0.011882883499573237,0
0.7044715589768891,0.14473539384450795,0.04260103016930225,0.05724152262006163,0.018611635986392743,0.011286217213070342,0.01683941757131335,0.0042132236184624396,0
0.5360110672323098,0.2541976025474037,0.05140392117737606,0.07550613773775743,0.02078340558854144,0.014739382923578164,0.03390205362193396,0.013456429171099377,0
0.47062271343398326,0.14590792750166606,0.12018111583861235,0.1208531595265407,0.052967566384941704,0.032215507731306194,0.03562223766920434,0.0216297719137453,0
0.20265643439738718,0.23473693435745763,0.2957117714089304,0.1081258606692155,0.03854185298745492,0.07342046101581991,0.03740064993143839,0.009406035232296236,0
0.23219060287995513,0.29169400178567706,0.1848239383844909,0.16163742954829233,0.07292364746569915,0.03990154377111784,0.007892796220962563,0.008936039943804954,0
0.461329436565896,0.259008680071764,0.10967164218780072,0.09189578190109782,0.03141044896280287,0.018344740487032184,0.01828195453169662,0.010057315291909721,0
0.5223768246353487,0.21026790563256864,0.11837730097595951,0.08771044335341652,0.030889206125261262,0.012669978838901422,0.011911681798962341,0.00579665863958161,0
0.37625650723037174,0.24214886714069372,0.13791450967146804,0.06708331649933283,0.057943385250598174,0.06521053489457804,0.029854413849291984,0.02358846546366541,0
0.5239657957253135,0.19548427016452086,0.10326929759145079,0.09911614940559992,0.032037307593072654,0.020595785821354917,0.01582717540605858,0.00970421829262867,0
0.5195871210247925,0.19258818933643596,0.10158615202043295,0.1038809617156551,0.04020752231045082,0.017640363393480234,0.016908967032084565,0.007600723166667841,0
0.6130914123439467,0.16692455221095834,0.07573295726530921,0.06080379566096501,0.037707673069924626,0.02491320435371045,0.011760561538174986,0.00906584355701076,0
0.47690306507547164,0.193060675886729,0.10754183100562578,0.1112988786092942,0.04700772324530462,0.0247206622382299,0.025444851063382474,0.014022312875962433,0
0.14762508364629187,0.5361405083918546,0.1321563318355588,0.09505759734353346,0.027940950062619423,0.037948934190574865,0.011179045214210833,0.01195154931535606,0
0.2543053106148015,0.5095908503091001,0.10560686861562157,0.0751002949129603,0.03026368288215731,0.011764798912208713,0.007458559560471663,0.005909634192679079,0
0.2363830652725464,0.13369785752447613,0.14524513776132827,0.22762924152314865,0.13589121760958636,0.04980438399502884,0.04156870070157564,0.029780395612309798,0
0.5275035671617316,0.13600193471547606,0.09713844842853124,0.12998898065674774,0.046517808495312604,0.02591981762557874,0.022562503534447224,0.014366939382174716,0
0.47623619798139516,0.1571849209421644,0.11748600752218413,0.1255519003169409,0.05739971623041604,0.023419486471713578,0.02842888753635292,0.014292882998832898,0
0.5080684781675612,0.161248975434616,0.11787403705631247,0.10480827552776531,0.04375095408217533,0.026222148544144393,0.024944343164650568,0.013082788022774882,0
0.44190237358386203,0.18306978405944982,0.11931187052483767,0.13645478748821535,0.05078228240352385,0.02907686957287895,0.02603647696365959,0.013365555403572729,0
0.6794630261367266,0.0963928709112302,0.10569550330856023,0.03903539571480308,0.032860698814185664,0.01561556701829482,0.015507611283691512,0.015429326812507976,0
0.4451488635243926,0.17100147856691944,0.12806538513509796,0.10782149865781981,0.057189656843572564,0.03352193683200174,0.03438195778218324,0.02286922265801264,0
0.3348026204108075,0.35495648429318577,0.1452045774360982,0.1078108238683641,0.029732998544501236,0.010762160164776175,0.010749309398485075,0.005981025883781909,0
0.7960461548035411,0.09700779021343436,0.04880669511667159,0.0212693148100261,0.014765408606807365,0.010310414668342803,0.0043827887963521755,0.007411432984824523,0
0.45436585211651676,0.35793581097511734,0.08009074307502877,0.08016333164758943,0.01274100093554993,0.008626670414898676,0.003932087880424841,0.002144502954874344,0
0.3926350177363131,0.32633070914141504,0.10156421719498271,0.12878181391973975,0.025659471142069,0.01840323405430119,0.004099929375344779,0.0025256074358346575,0
0.565969942872898,0.2516206138912315,0.07660597802230716,0.07463663761208243,0.01664436384497724,0.006751143933356812,0.004402613865178966,0.0033687059579678162,0
0.5774688146251739,0.17786703149038818,0.08940741542577199,0.0843270646168312,0.037035085929165,0.014372379747676864,0.011326502761239646,0.008195705403753315,0
0.4250747904649175,0.2653994309275014,0.12719312887121975,0.07643607324593846,0.03821938090046173,0.026559479546452262,0.023968075411249335,0.01714964063225948,0
0.6601323920832789,0.14001331062851874,0.07224564285299885,0.06855702512617876,0.024424416215484027,0.0143479683451241,0.011621003049289138,0.008658241699127517,0
0.47426487895473085,0.268163691150955,0.11098656497795902,0.06129673573675224,0.04186280387579615,0.019863092024137066,0.010827116753791522,0.012735116525878071,0
0.2603854493919623,0.10236690259274427,0.22883302876444836,0.15738411420444548,0.0722652324263861,0.06698711677784008,0.08379823453609511,0.027979921306078306,0
0.6009348961546969,0.15151561519442783,0.0810821112832657,0.08423201954274566,0.036761163914172834,0.018864231694570775,0.017583539778106387,0.00902642243801403,0
0.8434387691467823,0.08024574450914339,0.029933689388555087,0.02679272994974155,0.009515383111760542,0.004167431977953198,0.0034757654852366413,0.0024304864308273026,0
0.13240562890625765,0.41808163494112216,0.19043829379137564,0.13754591672415228,0.042209066767677,0.04433347336285694,0.021642035385595976,0.013343950120962338,0
0.6903851397066361,0.10195458396569412,0.1020580125153592,0.03235123207015199,0.03435712211938772,0.013677492385761847,0.01803241077733075,0.007184006459678377,0
0.41814764924510267,0.3366472483748659,0.09757074380120699,0.0539409639853451,0.031038080170418328,0.031101748305597997,0.022106746830070002,0.009446819287393188,0
0.3575245573871668,0.27043401814715373,0.10085611164208058,0.07231026832250813,0.05880432417439417,0.06684185046064393,0.03569157987618331,0.037537289989869306,0
0.3980138054857779,0.1583658393966528,0.22704703304292573,0.06590152383964376,0.04096549037936487,0.06591375836173677,0.02338870681421609,0.020403842679682253,0
0.22750767896433063,0.29618349714195186,0.16346494370395998,0.16199241024507874,0.033767031872162456,0.03886870276742453,0.05653945574796989,0.021676279557122032,0
0.6989497542713206,0.12510618753262243,0.05989423783427794,0.05991154928234067,0.024650505230394425,0.015480740461873685,0.010058443893112872,0.005948581494057238,0
0.6976916139375254,0.15407928800803403,0.040079487367716944,0.05925174132855648,0.019709427383128825,0.007219785586414792,0.013077791731545517,0.008890864657078005,0
0.47319610038762155,0.2252571812865617,0.12853025641117885,0.07286338673529516,0.04845402771336372,0.01375695637625065,0.01565590836934258,0.022286182720385884,0
0.47590298907084844,0.295874165767666,0.13221196316816683,0.04991987682467395,0.014494827179184844,0.004664408992233412,0.010589968350206697,0.016341800647019806,0
0.5494326501941467,0.2583165067648008,0.10092306710290277,0.03778057006217315,0.016207781551126857,0.016717751081113966,0.012031882610177487,0.008589790633558364,0
0.4832058217247961,0.2069702413608463,0.10733692578737213,0.09770382362567766,0.03732943857370706,0.0316050910536793,0.02300998771594083,0.012838670157980703,0
0.19128397475008396,0.3414957590181508,0.14745173853095656,0.14908902232588447,0.04295886462072412,0.06906808376565098,0.044458851172545534,0.014193705816003564,0
0.8168342050324581,0.08885178243183788,0.037735021399381605,0.028450954326636375,0.010371307480213206,0.007851982238609426,0.005850859543180575,0.004053887547683136,0
0.519270621284188,0.1994487170075184,0.06967438182919929,0.06779311189176587,0.056248384329310425,0.04379430611524727,0.027390472783528828,0.016380004759242252,0
0.6137687129486562,0.16506640170399886,0.06393783581845693,0.07986860339027656,0.021979425320775674,0.02922564156832198,0.012921971874420454,0.013231407375093375,0
0.5617054473068697,0.1493783832154682,0.11335298379983776,0.0914360882171695,0.03615909131580394,0.020107612066574472,0.01746005316008827,0.010400340918188198,0
0.7267435927475822,0.1280268401734915,0.049180451899063525,0.05366022781267293,0.018621963076903537,0.009876151035971817,0.008816821312550717,0.005073951941764001,0
0.6667138826654471,0.09662331718055318,0.11300408174209962,0.040154322090883564,0.04027077950196576,0.013914241170480204,0.022753672494265766,0.0065657031543049854,0
0.6117766612916163,0.1469671885832753,0.0783550745809948,0.07798536124616688,0.029847609843469663,0.01714591593910337,0.021914111274034757,0.016008077241338778,0
0.5874856453199352,0.13819849835778614,0.11427778656845017,0.05678213859111765,0.043829680601882484,0.021941393439881718,0.021879689732101224,0.015605167388845554,0
0.6443967337775305,0.1393717363109169,0.06449857500759397,0.07645562390493617,0.029067400801818077,0.017895541797024496,0.01778661133367245,0.010527777066507328,0
0.3677950923032931,0.23967328997515258,0.1847943213465921,0.09087844367939187,0.04278468083463912,0.026923984659067597,0.023328792429452738,0.0238213947724109,0
0.5441495234877556,0.17271227628602884,0.13163347626988808,0.0658267921789871,0.04241756706852072,0.01991316345994209,0.014977569220235814,0.00836963202864207,0
0.5658206415416007,0.13949361824354561,0.047977078728580785,0.07144159186162667,0.05869015753411664,0.048232632251440366,0.036325823781301995,0.032018456057787144,0
0.4803809086610901,0.15843891257785514,0.10150679565739242,0.1101894014745584,0.06384019439637911,0.024327866667137748,0.038169952687290946,0.023145967878295995,0
0.5546515198283559,0.165506257589401,0.09493209216714782,0.10532092383865964,0.0337985050714145,0.014607034581652273,0.02005996041047165,0.011123706512897385,0
0.5825751305320319,0.11139659101468778,0.08473247320934955,0.07403753233272664,0.050110949343693235,0.03614553988321098,0.036887397340335776,0.024114386343964088,0
0.2756914166283459,0.26800956896936157,0.1589955126084211,0.10722646124225327,0.06145589009562715,0.05174156185521873,0.054038223494664694,0.022841365106107674,0
0.46404117891730506,0.10657966993336787,0.10542877346084185,0.09602120065518019,0.07353806854480918,0.06341125362500345,0.052677130167779376,0.03830272469571301,0
0.36258062506221966,0.24566106612492675,0.12145875764539686,0.11664140084406123,0.0556086896559729,0.04099530799289277,0.04183181786593984,0.015222334808590027,0
0.7985126131123177,0.0614661548651425,0.04022112092808536,0.04931525914197246,0.0207062890996374,0.009597597422748516,0.010762329155970763,0.009418636274125494,0
0.580475824338761,0.15104578187457687,0.09129723360876672,0.07868904533182457,0.031107109006451125,0.03222835106600605,0.016714350604311805,0.018442304169301867,0
0.36688708398797415,0.2060723112263471,0.1381764179500449,0.12703368421529657,0.0624863285914549,0.03686451875912401,0.039917066597340047,0.02256258867241838,0
0.5620124474131621,0.12928403103920272,0.08895341820492642,0.09932398314192535,0.03849849977178907,0.02606050460146274,0.03647512080945199,0.01939199501807973,0
0.41335710595228287,0.2756839217561772,0.11700508920552401,0.10370904454850598,0.032979798440742426,0.023455350391883494,0.02291483657503718,0.010894853129847,0
0.46190232681407184,0.23857694175794686,0.10620536908478705,0.08687415107937936,0.04929953491551126,0.024925950846758325,0.022661086359368487,0.0095546391421767,0
0.46796754527164897,0.29681768849664036,0.08259307995636975,0.053100352800493286,0.033810684456079626,0.020040190012619866,0.028691696753416318,0.016978762252731865,0
0.67390531929618,0.09484846693474626,0.07809010913343374,0.06547666730062238,0.04013239685568353,0.024499274972694152,0.015777738667606126,0.007270026839033881,0
0.4347320312929472,0.14293652288558026,0.12810265756297343,0.14106534972208798,0.06408207191198667,0.0332881564224557,0.034018044489007575,0.021775165712961158,0
0.40092947199599266,0.24214265730335527,0.1175616923318841,0.1141687756906545,0.049684306035324054,0.028546581531322276,0.023592496118700127,0.023374018992767046,0
0.37032846628552035,0.16722647203742172,0.11793299875950188,0.1746199917122142,0.07806370108550373,0.03295556491062284,0.03870511100426288,0.020167694204952433,0
0.3375540353443689,0.23253322224583073,0.19522215007094956,0.07456764573800545,0.08005193529991136,0.03074956611200249,0.023372638399538816,0.025948806789392608,0
0.378239816861449,0.20232208729403864,0.15685692302160908,0.10748762334479732,0.05161206667605467,0.05156782103776052,0.02920416880413067,0.022709492960160147,0
0.4218966826292694,0.17135810925448278,0.1353339717391105,0.10643494752374177,0.05589301719661018,0.05407829284365553,0.030500621192418104,0.0245043576207116,0
0.6540760132888288,0.12350068826025846,0.09115852806940658,0.0713522641358535,0.0297772265495679,0.011936857512369838,0.011919032994677201,0.006279389189037768,0
0.5224129996595851,0.2088273204557838,0.10357263392506762,0.06732224917867284,0.04117744064946397,0.02508475857451901,0.020211253138480743,0.011391344418426815,0
0.37295564556676847,0.14371349868516986,0.08445824709685273,0.13150145459304363,0.10302212010899667,0.09114353728415246,0.05239044995315529,0.020815046711860862,0
0.6604497194125759,0.13250517666912848,0.07217504340545587,0.062298826279159045,0.028605613720376438,0.017769434931706737,0.017504947565738213,0.008691238015859408,0
0.4657418410269994,0.1605828494215639,0.12794304681272467,0.11742158943729426,0.05116029438624373,0.03082457468369494,0.030270587203671036,0.016055217027808148,0
0.37180298394207784,0.2899606037692447,0.11502338027068064,0.07855106477560046,0.06380917549750909,0.019988906140683434,0.025895552757184057,0.03496833284701971,0
0.6103130681566774,0.13713941304928784,0.08958651331985157,0.05992974527461648,0.033511039946029705,0.031062099502270575,0.02296374727583447,0.015494373475431762,0
0.41439259133172796,0.24348589177020769,0.13088338177336745,0.08622265291805263,0.04917233271862975,0.02983681451556663,0.02638095397724765,0.01962538099520027,0
0.4954759888722717,0.25181630101073565,0.07003166459368912,0.049398778492652784,0.04832421424684778,0.030791436235960427,0.027829386813078713,0.02633222973476374,0
0.513691310713615,0.20233490365307316,0.10908142009680115,0.06501667297277995,0.0447622039097441,0.029161183524171727,0.02031825247718385,0.01563405265263112,0
0.5422205981246188,0.16082841626753994,0.10511996420407892,0.09230509413892782,0.03702099730913753,0.023365200509767124,0.023716573292120444,0.015423156153809554,0
0.25497372859510875,0.2677497094766394,0.2396164936463138,0.11317698073578011,0.06368394781135178,0.02440855609905391,0.01926860765804756,0.017121975977704654,0
0.43270577537487726,0.2551359645432424,0.10991144498412304,0.08662015347021725,0.03690191081077884,0.04000719260971745,0.02044714060176004,0.01827041760528389,0
0.4293091660584443,0.24437177186069303,0.11885847836007307,0.07878524719659524,0.050792772983528266,0.03139452671791005,0.028172858126549058,0.01831517869620704,0
0.664331910382761,0.11677625117386914,0.06809959579151753,0.07042404759320485,0.031966373025464824,0.015615501503849865,0.01967147797273676,0.013114842556595986,0
0.4968760934508937,0.21518402812749843,0.09138251438441629,0.07450536826290988,0.045260046927031776,0.03291682623828752,0.02863912224409006,0.01523600036487222,0
0.6101215542264947,0.16464803859980007,0.10561516563000091,0.046606686443169676,0.039974335120340175,0.012520963059098961,0.013713758421924975,0.006799498499170314,0
0.3801852104530258,0.2984964538107324,0.09495350015074908,0.053846859944058294,0.06342408914593134,0.014406610611972608,0.02957318622887557,0.06511408965465482,0
0.6815452248523399,0.1294240315274604,0.07306412675560361,0.054531982824456496,0.03452153408545003,0.0064870804426799674,0.00872284659009818,0.011703172921911472,0
0.48268247707107453,0.18658472898029574,0.1077090647653421,0.10972905096086032,0.03274056177562881,0.028371907312680352,0.02968922073837091,0.022492988395747236,0
0.36346550774200126,0.18344920820571406,0.13913209614557892,0.14943826273086322,0.08331391851910577,0.03216190988994654,0.03206512173774,0.01697397502905027,0
0.6875930144442262,0.15813014713934662,0.06666176250378017,0.04063914959940192,0.017054392426738823,0.011954192894286078,0.011214981538338204,0.006752359453881814,0
0.2990887164866989,0.2700979420888159,0.13452256086584338,0.1705645827464743,0.045518211722921545,0.027964548369672316,0.021415939452478095,0.03082749826709554,0
0.5227945143730592,0.24805716702608988,0.09931911437307778,0.0436741053750613,0.031483873263398784,0.02705709758490798,0.01748041578781808,0.010133712216586923,0
0.5517208979902642,0.17359225628206393,0.12455350687244734,0.0540967791041063,0.040013960736290655,0.021993405682702413,0.022395931815807468,0.011633261516317423,0
0.5478230792870645,0.19627026523308375,0.0962509245830164,0.07106179950214912,0.02745283043428772,0.02879056076776419,0.016606624903983413,0.015743915288650736,0
